# Created by Octave 3.8.0, Mon Mar 30 12:13:03 2020 MSK <irtery@IMac.local>
# name: A
# type: matrix
# rows: 3
# columns: 2
 1 2
 3 4
 5 6


# name: a
# type: scalar
3.141592653589793


# name: ans
# type: sq_string
# elements: 1
# length: 54
/Users/irtery/Dropbox/projects/my_git/machine_learning


# name: b
# type: sq_string
# elements: 1
# length: 2
hi


# name: c
# type: bool
1


# name: v
# type: matrix
# rows: 1
# columns: 4
 1 2 3 4


# name: w
# type: matrix
# rows: 1
# columns: 1000
 -7.608805697286289 -11.7597739392881 -12.52367762134953 -3.132294778935167 -2.472918924065907 -2.951878693819928 0.07945455753140429 -5.684573247484953 -9.708220341317054 -7.771029054429061 -5.757612515090119 -7.739643400160215 -4.766919023205455 -4.150359421787595 -8.377523844140448 -5.793641405185028 -6.667090081562854 -3.200393875869077 -5.623232711629033 -6.66796472218294 -3.481005398968859 -4.018326427127592 -5.504247761405505 -4.883881270473245 -0.8927043726089368 -5.849387560549733 1.742102907329845 -7.001883028009773 -7.13633178364639 -7.079944458151474 -6.381549799868092 -3.946631386103429 -6.914276101691573 -10.49017510516154 -4.723803090660679 -7.226682797900889 -3.024631588633538 -10.19290881022745 -2.45931403844491 -9.649034117600355 -1.848851418033546 -10.03539450071233 -1.688632540156484 -6.14963724650933 -7.203509094309423 -5.352208622242786 -6.658725742718422 -2.381253452461278 -4.790973371801908 -2.200561242023762 -4.090783974814602 -7.608477608870091 -6.738608692888945 -8.727163516264634 -6.708775662581691 -7.99088086965144 -10.87379366603818 -11.77552895753156 -10.17267707026843 -5.027109707657925 -5.61636988431195 -4.047002390792105 -12.10814190276339 -2.446956949692108 -2.13434976526316 -3.610375342918093 -5.838408127983754 -7.662638811881949 -7.390686144098609 -10.50141615934709 -4.36692617623543 -6.682446565085929 -7.816889192154024 -6.520144855962664 -7.317345543797978 -9.791227053973973 -8.318316603989942 -5.120890242996977 -7.942687861945259 2.317803604589241 -11.47273665670896 -4.327488199389877 -13.2311632940265 -5.889485283843597 -5.648710516517828 -3.244054386255614 -10.10068814695319 -7.548505857548035 -5.783195100909776 -7.730583224830123 -1.674924052789385 -12.84383355117239 -6.587056775734538 -6.870741170344058 -6.4588588675033 -4.065739387163775 -3.191418103993737 -3.898706240355599 -4.192679336040488 -8.072548736871616 -6.854775114259778 -1.904694169677316 -9.119210628231304 -9.739373676128299 -7.05110245257599 -8.218537869944125 -6.902074436275503 -7.497882430660127 -5.087153354699299 -5.04539307580143 -6.289727517352985 -8.56426691379094 -9.800197446312769 -7.340705458072225 -2.75383096618108 -13.05014090736322 -4.749000958834886 -3.305071914865968 -2.645330612244754 -9.925906652947177 -2.905252303945044 -8.615760324248551 -2.474892645038812 -13.07161768003131 -11.78454886210237 -6.671897996287892 -8.411169716478215 -6.133057708112075 -6.301105050585027 -3.782030937600695 -8.179724271924117 -1.856781236389389 -0.8993558555581416 -8.342002143254014 -6.505342811894728 -6.662986455520025 -11.5042190484723 -1.751422032555125 -4.635111881127497 -4.969853644383928 -2.70666475582785 -7.584672267961794 -11.03055343096207 -6.665056172893528 -3.510113160082684 -4.153798080713118 -4.423831786307541 -2.074618135385057 -11.14140373776916 -5.734604430762074 -10.29351331707961 -6.179788761974086 -5.912338349422892 -6.489056394367785 -5.666322300460517 -13.18747358113823 -10.86298980063778 0.7817620534203327 -7.410044587036977 -5.997306771734041 -7.674835971061554 -11.89164388117277 -11.41987214803813 -3.96086348620522 -7.814533480299064 -7.683231362857602 -8.707000485506349 -2.821701166407203 -2.545773005404459 -7.325348728855045 -12.24150456649823 -0.9350416525895939 -2.644974527330421 0.5495715549034124 -2.043003861760638 -7.384915598023122 -5.866075604847047 -11.86280462407292 -5.038232417822585 -2.545082714875283 -9.850661230896275 -3.611613513669273 -10.41584726712445 -7.260048203634943 -2.527968512440105 -3.608904381320895 -11.48890536416462 -2.322714553132675 -7.9383395568906 -8.477469231631769 -8.082789080518726 -9.67434881109444 -8.294208851588534 -1.05273502487161 -1.26397393069796 -7.847752784498292 -3.953105854278822 -0.07466180437213765 -3.421565605488726 -7.75540081289326 -11.29445650821102 -10.09330810619769 -10.64038973201102 -3.887608259726347 -8.226636550486079 -5.863282732527679 -2.964621240122242 -4.969900174511613 -9.047156220592976 -8.012735989301513 -4.1542324403524 -9.15801548296899 -1.47625559607798 -0.9899733382850542 -7.486345680514585 0.6047553576432367 -8.027242506100091 -2.298819302312318 -8.14061873187514 -7.399045815910556 -4.142152516973912 -7.022758612375496 -10.53484714446635 -1.83759610398997 -6.721871490634435 -6.814744664258694 -2.576055304696081 -4.233792617052019 -4.871609266187953 -7.129719616540462 -6.696188749237659 -6.318087889116528 -1.867464989913134 -5.202132016223317 -6.386370989367607 -5.599742645859381 -5.771181249388696 -5.797268460803681 -4.833825854429957 -4.71140443688018 -9.875652274643052 -7.214205704064099 -10.86474546974725 -5.409872924550021 -5.748637356986059 -12.87885822478846 -8.001774676449127 -10.18625916609497 -5.799576934230989 -13.52454814978303 -9.851838619090433 -11.82005267215476 -5.620895716533051 -7.708004599754481 -9.407213239506326 -11.49913337515826 -4.776307471352092 -2.330663468589527 -3.440245222240168 -4.46501486908749 -4.96960241862563 -0.7729237498627821 -5.111769675527826 -5.438471989139947 -6.540173353754311 -6.556359250280789 -10.14023656958906 -8.15818836742638 -2.411374608673858 -4.181348895359792 -5.911782774595081 -5.346892717410643 -4.296176386401379 -9.750479119407752 -2.699099233831074 0.4204658014351734 -6.536096800854947 -12.71934752991861 -8.439367734540234 -4.288905636485279 -1.73994619315271 -6.479844056365591 -3.934465503127524 -3.026222818474772 -6.548688294349031 -6.024149307090028 -7.323245328725711 -8.587091036335369 -8.781859396798627 -4.971093814759398 -6.340104910259124 -7.227868317193822 -10.84247478429024 -5.460539804734347 -7.466124735576869 -4.283238430756718 -2.983393779368155 -6.150298264951742 -11.17246919001009 -4.531242695031162 -9.149425272100094 -6.873177589693825 -10.81164473087311 -12.04441964367794 -8.089803424220982 -5.679238306946609 -4.008270153072672 -4.65282874373108 -1.030380429160548 -7.580518190936701 -6.713968040315786 -4.791513255635822 -9.219806222649066 -8.357852297632711 -6.417016871280196 -10.30362324343604 -3.418394960481825 -3.843542555482469 -4.080498674908115 -6.742934368238064 -11.84639553420858 -9.453173761718446 -1.08904758444563 -5.486740960399458 -7.659232478643248 -8.83141366146438 -6.571716613422439 -7.686342071660473 -9.173545774573904 -6.122174315621361 -2.128389615889107 -3.509278845236766 -8.772638935404107 -2.653736909991081 -7.243101502301932 -5.422381731194455 -6.139990323073457 -5.466191806444625 -10.28044242188359 -3.440780944775371 -5.264312331622611 -5.416836321380027 -4.821808777415869 -7.146804640101815 -3.385108599065498 1.140175459434212 -9.729807008205741 -5.900023751400555 -3.711314785056592 -7.673557178250251 -3.725446383259551 -9.168313223920286 -8.639177802988122 -7.017221861955244 -6.341745807194725 -6.165833000429622 -4.892568214021768 -10.92960424555232 -10.46652108291338 -3.48351103940107 -3.371933918726085 -9.535618418727424 -7.356174357333359 -7.525067819946852 -9.212640255586262 -7.643619022170541 -11.56099493351881 -5.38747667373709 -6.099542807030563 -0.1722257291850209 -2.843987714727271 -3.786347852041635 -5.76461743723336 -5.732779502252081 -0.02683770364490723 -6.19982999909608 -6.572597963225502 -11.59906368899503 -7.996692888598483 -2.960934205721466 -0.541569875600886 -6.194253308216717 -9.389034661110349 -1.439563159065225 -9.303465563757175 -3.263944477264416 -9.013080599051888 -4.140812621647173 0.7135588420552539 -5.641433376774493 -7.514508411508848 -7.68654314163122 1.735038750055414 -6.78596153631072 -4.977272741471928 -5.503269513955983 